1 0 11741 1
1 0 8930 1
1 0 331 1
1 0 4484 1
1 0 9789 1
1 0 13736 1
1 0 7239 1
1 0 10251 1
1 0 12264 1
1 0 8677 1
2 0 11741 1
2 0 8930 1
2 0 331 1
2 0 4484 1
2 0 9789 1
2 0 13736 1
2 0 7239 1
2 0 10251 1
2 0 12264 1
2 0 8677 1
3 0 994 1
3 0 7801 1
3 0 1783 1
3 0 6153 1
3 0 9459 1
3 0 2537 1
3 0 18544 1
3 0 3356 1
3 0 15516 1
3 0 12475 1
4 0 994 1
4 0 7801 1
4 0 1783 1
4 0 6153 1
4 0 9459 1
4 0 2537 1
4 0 18544 1
4 0 3356 1
4 0 15516 1
4 0 12475 1
5 0 4201 1
5 0 5340 1
5 0 7647 1
5 0 8325 1
5 0 14969 1
5 0 11532 1
5 0 1412 1
5 0 10745 1
5 0 10452 1
5 0 19266 1
6 0 4201 1
6 0 5340 1
6 0 7647 1
6 0 8325 1
6 0 14969 1
6 0 11532 1
6 0 1412 1
6 0 10745 1
6 0 10452 1
6 0 19266 1
7 0 11086 1
7 0 854 1
7 0 5175 1
7 0 17105 1
7 0 13733 1
7 0 15290 1
7 0 11620 1
7 0 5869 1
7 0 5300 1
7 0 13081 1
8 0 11086 1
8 0 854 1
8 0 5175 1
8 0 17105 1
8 0 13733 1
8 0 15290 1
8 0 11620 1
8 0 5869 1
8 0 5300 1
8 0 13081 1
